15 2
9 18
4 18
15 21
13 20
10 16
6 11
13 3
15 13
19 5
7 3
17 13
7 12
10 2
20 9
6 21
15 11
22 2
14 8
19 6
17 13
4 8
14 19
15 9
19 12
21 20
21 11
23 2
11 16
9 2
3 23
2 22
23 2
22 21
16 11
2 9
2 9
11 2
10 16
1 8
13 7
17 20
17 7
1 12
14 13
17 3
8 2
15 17
1 10
8 10
4 22
6 22
10 7
17 6
3 15
22 17
19 17
13 2
15 6
13 2
2 8
17 2
2 14
12 5
21 1
1 8
12 7
6 15
18 23
11 10
5 3
8 1
7 17
1 6
6 18
23 2
18 2
9 2
1 20
20 7
19 12
15 6
17 15
7 2
9 11
3 4
23 3
1 3
16 18
23 20
13 18
23 9
13 6
8 19
18 15
4 20
6 18
4 6
18 14
5 16
